,Высота,Скорость
0,43.83555257066493,32.6888263722133
1,117.91341534011819,65.33925550741674
2,222.74692302197633,97.89345450698501
3,358.7307928417197,130.29155792846018
4,526.1374982100068,162.47240219992335
5,725.1149836428324,194.3742553100286
6,955.6858427299205,225.93557954749517
7,1217.748015563854,257.09580905494414
8,1511.077014205515,287.79612060059804
9,1835.3296360338204,317.9801752354666
10,2190.049077519378,347.5948091845327
11,2575.530068623859,377.14303905043323
12,2990.9662787955085,406.12204001853206
13,3435.700220195016,434.4942242485972
14,3908.9903196529217,462.22570795685226
15,4410.0184343225,489.28652551791424
16,4939.274975955651,516.5429369373588
17,5495.467528924573,543.1707049002231
18,6077.662434267797,569.149902599966
19,6684.87278771516,594.4636992217883
20,7316.064927940122,619.0983050024346
21,7970.164740042339,643.0428739241092
22,8646.063688935532,666.2893686848382
23,9343.85200805232,689.7087036294453
24,10061.972478382253,712.4661303041092
25,10800.368216530329,735.4048496609006
26,11557.454090530984,757.7129544418589
27,12331.99283525819,779.3856399805676
28,13123.609664661095,801.1650096365479
29,13930.70311664026,822.3303095106584
30,14751.951588775843,842.8770405392232
31,15586.696178549913,863.4817173817584
32,16433.306822686027,883.4805336116001
33,17290.58528264392,903.1146031790963
34,18157.0168575566,922.1386019618151
35,19031.466023372614,941.0168412050127
36,19912.31310741139,959.2833106507742
37,20798.048160187343,976.9312672869568
38,21687.245611078462,994.2144622930676
39,22578.316807963547,1010.8692234690458
40,23469.73186305258,1027.0913599412509
41,24359.90443977031,1042.6722001574046
42,25247.23360634718,1057.77335714503
43,26130.143486325196,1072.2184968507563
44,27007.01668096562,1086.0882768134938
45,27876.299952231,1099.2864695791116
46,28736.445763000902,1111.8056118188501
47,29585.82763079182,1123.7205765135893
48,30422.96344315229,1134.9413056114413
49,31246.29744365661,1145.5023637951185
50,32054.398536338118,1155.3551592520873
51,32847.58556307612,1163.8018663861476
52,33623.987059424915,1171.5476126192275
53,34382.305168083614,1178.5868347056505
54,35120.73501943779,1185.0429355268566
55,35838.21995967773,1190.776530765196
56,36533.57122015779,1195.782585919329
57,37204.09743113203,1200.2697371580982
58,37849.254424174964,1204.0124436547248
59,38468.039086588185,1207.0081721318688
60,39059.4841013694,1209.2568333018846
61,39622.73102903209,1210.7548313588902
62,40156.98133734222,1211.5010869891187
63,40661.442514125505,1211.4956568697462
64,41135.49007517877,1210.7380160618086
65,41578.55168823204,1209.2286265687442
66,41990.1324258044,1206.9684292012382
67,42369.81600721241,1203.9588431583131
68,42717.265844183516,1200.2017653762603
69,43032.225887447974,1195.6995696487018
70,43314.521272179685,1190.4551055222003
71,43564.05876065859,1184.4716969730612
72,43780.82698103342,1177.7531408723034
73,43964.89646157301,1170.303705247257
74,44116.41946030484,1162.128127349885
75,44235.629590450706,1153.231611543804
76,44322.84124257935,1143.6198270241036
77,44378.448804903644,1133.298905386528
78,44402.92568365436,1122.2754380654346
79,44396.823125961724,1110.5564736632916
80,44360.76884816986,1098.149515198411
81,44295.46547299485,1085.062517302286
82,44201.68877941549,1071.303883403479
83,44080.28576965325,1056.8824629416888
84,43932.17255805568,1041.8075486637
85,43758.33208714233,1026.0888740627115
86,43559.811676504614,1009.7366110344943
87,43337.72041066896,992.7613678384816
88,43093.22637243519,975.1741874699958
89,42827.55372858878,956.9865465722435
90,42541.97967525485,938.2103550447262
91,42237.831250512885,918.8579565398594
92,41916.482022223485,898.9421300840016
93,41579.34865933075,878.4760931155436
94,41227.887395195794,857.47350630495
95,40863.59039178695,835.9484806147535
96,40487.98201380118,813.915587178387
97,40102.61502201643,791.3898707349066
98,39709.0666953776,768.3868675653108
99,39308.94325933789,744.940107912058
100,38903.8547992642,721.049185200353
101,38495.4270737348,696.7311130262935
102,38085.29424704918,672.0035269132743
103,37675.09483766287,646.8847545299977
104,37266.46730745115,621.4016812297803
105,36861.04606026254,595.566408001654
106,36460.45783502924,569.3999247241896
107,36066.31754631594,542.9244869558546
108,35680.22428670803,516.1638954495461
109,35303.582087140836,489.49677756469856
110,34937.9830156968,462.5758840730946
111,34584.94523752757,435.4287348240101
112,34245.95911748645,408.08702920526997
113,33922.483591986784,380.5880687347585
114,33615.86097088243,353.0680108784914
115,33327.504872867576,325.47969770856935
116,33058.76056314386,297.8933393162251
117,32810.928132267945,270.4020644032137
118,32585.258629071162,243.13407892900682
119,32382.950184237758,216.27319281819345
120,32205.14414921543,190.09454416061737
121,32052.921278619746,165.02811249027073
122,31927.297987368387,141.7710273230421
123,31829.30726509854,121.43393177073638
124,31759.76993515383,105.8980079028777
125,31719.47365647321,97.5363130274657
126,31709.132441266185,98.2244273454178
127,31729.38473319032,107.79023791348587
128,31780.791685434182,124.18073899116125
129,31863.83564628108,145.0690393637908
130,31978.918858940375,168.7515215985682
131,32126.362381552113,194.15989341566328
132,32306.31440391738,220.59424327727552
133,32518.910357259552,247.67115215714765
134,32764.177770301994,275.1243209229048
135,33042.053596461374,302.7718418235187
136,33352.38485296884,330.4833375822947
137,33694.9296855791,358.16106572591406
138,34069.35884473785,385.72873474797143
139,34475.4454300365,413.2344936448899
140,34912.66041214753,440.53907072459793
141,35380.446852020395,467.599705378362
142,35878.16986181233,494.3792461546476
143,36405.11932010286,520.8449006876865
144,36961.5243990403,547.5862330172099
145,37546.28437586143,574.0359953672724
146,38158.53412325174,600.170228487399
147,38797.3667532707,625.9837610161322
148,39461.77506115677,651.4399665937148
149,40150.69651822098,676.5187660572134
150,40863.089855665865,701.2583136678145
151,41597.747679128624,725.5875606270276
152,42353.433406547185,749.4886974665375
153,43128.85777019954,772.9445439264074
154,43922.68203324334,795.9384982586388
155,44733.52133020279,818.4544983136967
156,45559.94812306994,840.4769917271249
157,46400.49576439784,861.9909131851266
158,47253.662158494895,882.9816672318245
159,48117.91351158337,903.4351154382916
160,48991.68816156238,923.3375670199885
161,49873.40047781512,942.6757721898413
162,50761.44482132467,961.4369176864656
163,51652.64797978032,976.1428464002356
164,52546.3510434582,990.2431976541426
165,53441.22033471209,1003.7289679748145
166,54335.91911735311,1016.5915524389887
167,55229.110936982695,1028.8227485524649
168,56119.462960984856,1040.4147600758376
169,57005.64930983263,1051.3602007663956
170,57886.35437138473,1061.6520980102746
171,58760.27608988977,1071.283896322845
172,59626.12922147769,1080.2494606985435
173,60482.64854800099,1088.5430797940644
174,61328.592041191216,1096.1594689311175
175,62162.7439692197,1103.0937729068778
176,62983.91793789424,1109.341568601926
177,63790.95985888608,1114.8988673768872
178,64582.75083756267,1119.7621172502254
179,65358.20997320208,1123.9282048507312
180,66116.29706458258,1127.3944571392014
181,66856.01521417688,1130.1586428946655
182,67576.41332443261,1132.218973961295
183,68276.58847989012,1133.5741062528361
184,68955.68820917227,1134.2231405120658
185,69612.91262118112,1134.1656228233885
186,70247.5164101497,1133.4015448772784
187,70858.81072452376,1131.931343985838
188,71446.16489498856,1129.7559028493058
189,72009.00801730674,1126.8765490738901
190,72546.83038599553,1123.2950544418823
191,73059.18477524389,1119.0136339355627
192,73545.68756385123,1114.0349445170252
193,74006.0197013587,1108.3620836666785
194,74439.92751294062,1101.9985876838632
195,74847.22334102564,1094.9484297537645
196,75227.78602202567,1087.2160177856254
197,75581.56119696153,1078.8061920281625
198,75908.56145518969,1069.7242224691229
199,76208.86631085107,1059.9758060270788
200,76482.62201208078,1049.567063544903
201,76730.0411834355,1038.5045365959122
202,76951.402302412,1026.795184115486
203,77147.04901134461,1014.4463788731006
204,77317.38926638142,1001.4659038022489
205,77462.89432564548,987.8619482087481
206,77584.09757909004,973.6431038815632
207,77681.59322295219,958.818361134691
208,77756.03478209782,943.3971048139979
209,77808.13348393187,927.3891103094844
210,77838.65648791805,910.8045396215527
211,77848.42497511458,893.6539375399125
212,77838.312102482,875.9482280063252
213,77809.2408270577,857.6987107481858
214,77762.18160541794,838.917058289932
215,77698.14997415972,819.6153134747458
216,77618.20401743343,799.8058876617179
217,77523.4417278398,779.5015598059248
218,77414.998267272,758.7154766839819
219,77294.04313453443,737.461154600047
220,77161.77724680373,715.7524830032404
221,77019.42994221345,693.6037305758496
222,76868.2559110418,671.0295545251549
223,76709.53206316137,648.0450140484883
224,76544.55433957008,624.6655892679572
225,76374.63447596254,600.9072073877799
226,76201.09672642301,576.7862784730402
227,76025.2745554208,552.3197441751313
228,75848.50730636963,527.5251440780569
229,75672.13685507227,502.42070633569546
230,75497.50425640993,477.02547227581977
231,75325.94639265482,451.35946926055294
232,75158.79263178028,425.44395332580524
233,74997.36150411972,399.30175472552963
234,74842.95740568067,372.9577786016937
235,74696.8673363545,346.43974532513283
236,74560.35768117647,319.77931151847446
237,74434.67104268433,293.01381493486997
238,74321.02313229689,266.1890786186627
239,74220.59972848766,239.36408786309087
240,74134.55370936285,212.6191345757722
241,74064.00216706797,186.0707274043245
242,74010.02361124412,159.90050298494185
243,73973.65526853302,134.41498293157974
244,73955.89048489145,110.17718652258192
245,73957.67623721913,88.30721731855058
246,73979.91076053234,71.10554295728531
247,74023.44129662751,62.60729562858469
248,74089.06196987626,66.27471845900683
249,74177.5117954765,80.4557030008867
250,74289.4728251542,100.78257487288587
251,74425.56843496724,124.23953156064374
252,74586.36175950889,149.31589707782848
253,74772.35427644287,175.2701252385225
254,74983.98454492705,201.71229395279045
255,75221.62710109886,228.4191838799218
256,75485.59151340344,255.25208540163527
257,75776.12160014667,282.1180936855133
258,76093.39481125002,308.9506554571283
259,76437.52177577457,335.6991828479287
260,76808.54601636718,362.32320586525634
261,77206.44383136518,388.78892559982734
262,77631.12434487708,415.0671006953294
263,78082.42972473714,441.13170653972196
264,78560.13556781213,466.95905938090607
265,79063.9514517208,492.5272295350363
266,79593.52165161003,517.8156396588423
267,80148.42602021963,542.8047845892744
268,80728.18102905931,567.4760328984847
269,81332.24096811847,591.8114845185804
270,81959.999301133,615.7938675561379
271,82610.79017304453,639.4064629565098
272,83283.89006590632,662.6330492566759
273,83978.51959911894,685.4578620236011
274,84693.84546951769,707.8655641575607
275,85428.98252648352,729.8412243197519
276,86182.99597691123,751.3703014918012
277,86954.90371454362,772.4386342007444
278,87743.67876786871,793.0324333176652
279,88548.25186048004,813.1382776082702
280,89367.51407751832,832.7431114106603
281,90200.31963154678,851.8342439607591
282,91045.48872096287,870.3993499939684
283,91901.8104738173,888.4264713328822
284,92768.04596969657,905.9040192325069
285,93642.93133212916,922.8207773015575
286,94525.1808837984,939.1659048547257
287,95413.49035668686,954.9289405790229
288,96306.54014913883,970.0998064193831
289,97202.99862170887,984.6688116060952
290,98101.52542356672,998.6266567604337
291,99000.77484115088,1011.9644380258652
292,99899.39916070667,1024.673651181066
293,100796.0520363086,1036.7461956981308
294,101689.39185495191,1048.1743787151856
295,102578.08509030439,1058.9509188973727
296,103460.80963673629,1069.068950164111
297,104336.25811529486,1078.5220252637828
298,105203.1411433583,1087.3041191797206
299,106060.19055979367,1095.4096323536364
300,106906.16259755348,1102.833393714581
301,107739.84099577543,1109.5706635031497
302,108560.04004360011,1115.617135882071
303,109365.60754809075,1120.9689413255294
304,110155.42771882753,1125.6226487806482
305,110928.42396195637,1129.5752675954827
306,111683.56157669681,1132.8242492087259
307,112419.85034755684,1135.3674885970674
308,113136.3470257615,1137.203325476837
309,113832.1576936784,1138.330545257185
310,114506.44000631447,1138.7483797426437
311,115158.40530426452,1138.4565075834641
312,115787.32059281263,1137.4550544726446
313,116392.51038222088,1135.7445930890904
314,116973.35838458626,1133.3261427868404
315,117529.30906300391,1130.2011690308025
316,118059.8690291435,1126.371582579954
317,118564.60828572375,1121.8397384194825
318,119043.1613107567,1116.6084344438966
319,119495.2279808288,1110.680909893715
320,119920.57433108718,1104.0608435489596
321,120319.03315000722,1096.752351683369
322,120690.50440743023,1088.759985783969
323,121034.9555147762,1080.0887300414934
324,121352.42141675587,1070.7439986180589
325,121643.0045143271,1060.731632699562
326,121906.87441906244,1050.0578973414908
327,122144.2675395157,1038.7294781182409
328,122355.48650059536,1026.7534775876738
329,122540.8993973702,1014.1374115845977
330,122700.93888514602,1000.8892053591348
331,122836.10110806215,987.0171895786996
332,122946.94446885996,972.5300962156017
333,123034.088242873,957.4370543462958
334,123098.21103967792,941.7475858931775
335,123140.04911622686,925.4716013458072
336,123160.3945456531,908.619395505847
337,123160.09324630351,891.2016433091837
338,123140.04287590133,873.2293957902236
339,123101.19059607986,854.7140762678388
340,123044.53071285346,835.6674768508382
341,122971.1021989019,816.1017553843293
342,122881.9861038415,796.0294329885787
343,122778.30285893628,775.4633923811872
344,122661.209482968,754.4168772246704
345,122531.8966962313,732.9034928091231
346,122391.58594985132,710.9372084695684
347,122241.52637783355,688.5323622583467
348,122082.99167945019,665.7036685567045
349,121917.27693974212,642.4662295343575
350,121745.69539607207,618.8355516773217
351,121569.57515880009,594.8275690417644
352,121390.2558942686,570.4586755140735
353,121209.08547837974,545.7457692558204
354,121027.41662912251,520.7063138294156
355,120846.6035264612,495.35842246391564
356,120667.99842802942,469.7209749021713
357,120492.94828908594,443.8137808900783
358,120322.79139517937,417.65781168542065
359,120158.85401593812,391.2755328382432
360,120002.44708835066,364.69139129338424
361,119854.8629378291,337.93254388484087
362,119717.37204525551,311.02997474611794
363,119591.21986809744,284.02026073909036
364,119477.62372354449,256.9484589411128
365,119377.76974146532,229.8730248422761
366,119292.80989480994,202.87459836127655
367,119223.85911489076,176.07260473894127
368,119171.99249876494,149.65874798606006
369,119138.24261571119,123.9698240182773
370,119123.59691954794,99.65860817486387
371,119128.99527327686,78.11320760366786
372,119155.32759225526,62.35366213598456
373,119203.43161180655,57.41667609041151
374,119274.09078486759,65.7998827237904
375,119368.03231494779,83.57412615946141
376,119485.92532933776,106.09173480302358
377,119628.37919715542,130.888508517363
378,119795.9419964567,156.84185956597852
379,119989.09913426588,183.41176817625018
380,120208.27212299927,210.31193415862245
381,120453.81751636593,237.3751736474942
382,120726.02600743077,264.4949102570707
383,121025.121691121,291.59769050954725
384,121351.26149304624,318.62930280471954
385,121704.53476608726,345.5473113728924
386,122084.96305578959,372.31681923433814
387,122492.50003517639,398.9079514496565
388,122927.03160917199,425.2943010058014
389,123388.37618840346,451.4519367858269
390,123876.28513172467,477.35875212694583
391,124390.44335638518,502.99402656005446
392,124930.47011434766,528.3381248527143
393,125495.9199328418,553.3722867517429
394,126086.28371683223,578.0784780042692
395,126700.9900106727,602.4392836204177
396,127339.40641582101,626.4378307834018
397,128000.84116109819,650.0577329058033
398,128684.544821594,673.2830489876345
399,129389.71218194878,696.0982541904727
400,130115.48423937985,718.4882187271824
401,130860.95034147109,740.4381929787565
402,131625.15045340662,761.9337973146027
403,132407.07754900478,782.9610154910096
404,133205.68011959924,803.5061907872241
405,134019.86479451729,823.5560242444905
406,134848.49906662665,843.0975745240252
407,135690.4141161578,862.1182590112546
408,136544.40772576205,880.6058558767674
409,137409.24727953703,898.5485068670824
410,138283.6728385394,915.9347206459554
411,139166.40028511288,932.7533765434546
412,140056.1245281856,948.993728598248
413,140951.52276153842,964.6454098005029
414,141851.2577669102,979.6984364600241
415,142753.9812536945,994.1432126378583
416,143658.33722688816,1007.9705345904059
417,144562.96537488003,1021.1715951837407
418,145466.50446861828,1033.737988242803
419,146367.59576366338,1045.6617128057953
420,147264.88639662616,1056.9351772587104
421,148157.03276750218,1067.551203328724
422,149042.70389944818,1077.503029918299
423,149920.58476760052,1086.7843167644678
424,150789.3795886117,1095.3891479099284
425,151647.8150626779,1103.3120349744447
426,152494.64355994755,1110.5479202165923
427,153328.6462433383,1117.0921793772372
428,154148.6361199478,1122.9406242972977
429,154953.46101342005,1128.0895053033307
430,155742.00644982592,1132.5355133553855
431,156513.19844983064,1136.2757819523436
432,157266.0062201544,1139.3078887906645
433,157999.44473758206,1141.6298571731065
434,158712.57721904598,1143.2401571645537
435,159404.51747158892,1144.1377064926446
436,160074.432116313,1144.321871191386
437,160721.54268073506,1143.7924659864202
438,161345.12755429602,1142.5497544210843
439,161944.52380211288,1140.5944487228423
440,162519.128832416,1137.9277094101135
441,163068.401913478,1134.5511446399803
442,163591.86553621714,1130.4668092976929
443,164089.10661904144,1125.6772038293648
444,164559.77755189553,1120.185272819738
445,165003.597076871,1113.9944033174017
446,165420.3510031511,1107.1084229104054
447,165809.89275447253,1099.5315975557962
448,166172.14374770652,1091.2686291672662
449,166507.09360158214,1082.3246529658147
450,166814.80017499946,1072.7052345991458
451,167095.38943480627,1062.416367036444
452,167349.05515333725,1051.4644672462148
453,167576.0584364408,1039.856372666108
454,167776.72708314192,1027.5993374750492
455,167951.45477851052,1014.7010286796869
456,168100.70012172207,1001.1695220291267
457,168224.9854917085,987.0132977743042
458,168324.8957532053,972.241236291178
459,168401.0768063982,956.8626135903772
460,168454.23398376568,940.8870967401413
461,168485.13029809514,924.3247392345512
462,168494.5845460236,907.1859763454413
463,168483.46927181553,889.481620504333
464,168452.70859644032,871.222856770702
465,168403.27591734988,852.4212384554756
466,168336.19148468025,833.088682984663
467,168252.5198599116,813.2374681085095
468,168153.3672633156,792.880228588018
469,168039.87881679778,772.0299535250742
470,167913.23568900613,750.699984547533
471,167774.6521498215,728.904015120305
472,167625.37254157383,706.6560913331803
473,167466.66817453774,683.9706146235868
474,167299.83415445112,660.8623470388757
475,167126.18614997205,637.3464198444177
476,166947.05710814107,613.4383465649552
477,166763.79392604664,589.1540419436477
478,166577.75408700338,564.5098488715674
479,166390.30226964227,539.5225761661429
480,166202.80693838163,514.2095512963803
481,166016.63692379583,488.5886939851155
482,165833.158001425,462.67861942580345
483,165653.72947757546,436.4987842437404
484,165479.70079064378,410.0696953660355
485,165312.40813646087,383.4132135245296
486,165153.17112609363,356.5530026661806
487,165003.28948446258,329.51521069036795
488,164864.03979803328,302.3295287689425
489,164736.67231971803,275.0308931904248
490,164622.40783898366,247.66232443485006
491,164522.43462499912,220.27987982812095
492,164437.90545047564,192.96176583761212
493,164369.93470365257,165.82620826820363
494,164319.59559566257,139.06928387649364
495,164287.91747027315,113.05256678045383
496,164275.88322274727,88.52698932395802
497,164284.42683429387,67.24218382747922
498,164314.43102829182,53.32050795313714
499,164366.72505416808,52.975250628388515
500,164442.0826044925,66.4226190212163
501,164541.21987051953,87.50019842346339
502,164664.79374106377,111.94502566247031
503,164813.40014923664,137.93639399968382
504,164987.57257120538,164.6960460927427
505,165187.78068075475,191.85128914892167
506,165414.42916304353,219.2010200748777
507,165667.8566905518,246.62449985140518
508,165948.3350638088,274.0421468510173
509,166256.06851908125,301.39708660686597
510,166591.193204784,328.64577334212623
511,166953.7768279549,355.75290602949343
512,167343.8184717099,382.68852047826783
513,167761.2485841684,409.42624947482864
514,168205.9291389093,435.94224152228327
515,168677.65396659082,462.21446695573377
516,169176.14925693863,488.2222603980669
517,169701.0742298811,513.9460120882073
518,170252.02197418764,539.3669556534794
519,170828.5204515472,564.4670199295642
520,171430.03366361026,589.2287242599758
521,172055.96297910996,613.6351038960007
522,172705.64861777698,637.6696566020355
523,173378.37128737132,661.3163044341949
524,174073.35396976964,684.5593665271416
525,174789.76385167442,707.3835399654498
526,175526.71439514865,729.7738866558404
527,176283.2675428293,751.7158246943698
528,177058.43605233537,773.1951231259663
529,177851.18595406244,794.1978992791844
530,178660.4391262463,814.7106180636998
531,179485.07598088327,834.7200927665584
532,180323.9382538181,854.2134869921159
533,181175.83189204647,873.1783174713631
534,182039.5300310369,891.6024575267747
535,182913.7760546496,909.4741410244984
536,183797.28673002138,926.781966680503
537,184688.7554095981,943.5149026140629
538,185586.85529232572,959.6622910626686
539,186490.2427358625,975.213853188637
540,187397.56061154453,990.1596939203977
541,188307.44169372987,1004.4903067815101
542,189218.5120750576,1018.1965786684887
543,190129.39459909245,1031.2697945449559
544,191038.71230178018,1043.7016420248506
545,191945.09185311513,1055.4842158216552
546,192847.16699041947,1066.6100220440726
547,193743.5819346521,1077.0719823214456
548,194632.9947812069,1086.8634377445796
549,195514.0808567211,1095.9781526096278
550,196385.53603349833,1104.410317954354
551,197246.07999325483,1112.1545548775196
552,198094.45943202233,1119.2059176333494
553,198929.4511981867,1125.559896494082
554,199749.8653558065,1131.2124203745145
555,200554.54816554114,1136.1598592132618
556,201342.3849757221,1140.3990261061456
557,202112.30301632444,1143.9271791877816
558,202863.2740888364,1146.7420232579846
559,203594.31714528348,1148.841711150154
560,204304.5007499398,1150.2248448392797
561,204992.94541755036,1150.8904762876543
562,205658.8258221959,1150.8381080268182
563,206301.3728712537,1150.0676934746596
564,206919.87563924355,1148.5796369869968
565,207513.68315669795,1146.3747936433472
566,208082.2060495554,1143.4544687669793
567,208624.91802494982,1139.8204171797195
568,209141.35719965116,1135.4748421923825
569,209631.12726780467,1130.420394332085
570,210093.8985050179,1124.660169808127
571,210529.40860625196,1118.1977087185564
572,210937.46335538902,1111.0369929999983
573,211317.93712476757,1103.1824441238364
574,211670.7732034022,1094.638920542377
575,211995.98395303183,1085.4117148892306
576,212293.65079157086,1075.5065509388198
577,212563.9240039687,1064.9295803306827
578,212807.02238091422,1053.6873790650982
579,213023.23268625225,1041.7869437775653
580,213212.90895440773,1029.2356878008084
581,213376.47161953716,1016.041437024348
582,213514.40647854892,1002.2124255632643
583,213627.26349054908,987.7572912496904
584,213715.6554156788,972.6850709628652
585,213780.2562967109,957.00519581634
586,213821.7997871677,940.7274862243197
587,213841.07733010565,923.8621468732688
588,213838.93619208696,906.4197616300528
589,213816.27735722065,888.4112884242916
590,213774.05328650677,869.84805415064
591,213713.26554805468,850.7417496468821
592,213634.96232407057,831.1044248166749
593,213540.23580081828,810.9484839824069
594,213430.21944805115,790.2866815751516
595,213306.0851946907,769.1321182967521
596,213169.040507788,747.4982379260022
597,213020.3253820473,725.3988249898998
598,212861.20924741603,702.8480035866467
599,212692.9878024522,679.8602377360104
600,212516.9797813667,656.4503337543873
601,212334.5236628061,632.6334453203883
602,212146.97432858797,608.4250821329072
603,211955.69968072855,583.8411233989457
604,211762.077225208,558.8978378715126
605,211567.49063100325,533.611912864597
606,211373.3262729827,508.00049572365475
607,211180.9697672985,482.08125282344685
608,210991.80250793335,455.87245362895715
609,210807.19821305727,429.39309125059305
610,210628.51948982745,402.6630572369852
611,210457.11442621963,375.7033988602994
612,210294.31321841443,348.5367051983687
613,210141.42484217449,321.1877003987516
614,209999.73377654015,293.6841818078926
615,209870.49678804298,266.05855527959363
616,209754.93978348636,238.3504533396566
617,209654.25473917325,210.61142646716644
618,209569.59671427158,182.91386888179966
619,209502.08095579935,155.36929628680628
620,209452.78010248404,128.16933349189677
621,209422.7214945056,101.68852305246726
622,209412.8845958689,76.77816022501648
623,209424.19853587227,55.69564426168929
624,209457.5397758412,44.378151120219755
625,209513.72990698626,50.00492221338356
626,209593.5335849168,68.51586049832827
627,209697.65660600166,92.44598011083907
628,209826.74413041573,118.51962719702195
629,209981.37905634465,145.54425468119123
630,210162.08054944396,173.02494363794443
631,210369.30273126124,200.72131059544012
632,210603.4335299344,228.49948297121097
633,210864.79369607312,256.2757278861643
634,211153.63598631957,283.9922506267703
635,211470.14451666537,311.60573280560567
636,211814.43428717818,339.0814560945837
637,212186.5508793634,366.39008887821956
638,212586.47032695508,393.50583344565234
639,213014.0991604976,420.405309675208
640,213469.2746256444,447.06685735534006
641,213951.7650746672,473.47008660540166
642,214461.2705302349,499.59558071936016
643,214997.42342009183,525.4246956320303
644,215559.78948083674,550.9394223399437
645,216147.86882858188,576.1222913447011
646,216761.0971938527,600.9563057531163
647,217398.84731767935,625.424894293649
648,218060.43050542605,649.5118784089884
649,218745.09833451096,673.2014494457827
650,219452.0445117823,696.4781531819442
651,220180.40687594292,719.3268797462835
652,220929.26954005106,741.7328575385427
653,221697.66516877437,763.6816501399147
654,222484.57738473613,785.1591554717903
655,223288.94329796894,806.1516066505724
656,224109.65615218197,826.6455741231221
657,224945.56808125475,846.6279687669069
658,225795.4929690936,866.086045712136
659,226658.20940572637,885.0074086975987
660,227532.4637322701,903.380014812782
661,228416.97316718148,921.1921795097933
662,229310.42900599603,938.4325817922817
663,230211.49988657556,955.0902695067667
664,231118.83511171903,971.1546646759559
665,232031.0680208458,986.6155688247065
666,232946.81940233658,1001.463168258034
667,233864.7009380133,1015.6880392575081
668,234783.3186711568,1029.2811531679336
669,235701.27648940164,1042.2338813506894
670,236617.17961380622,1054.5379999837282
671,237529.6380853809,1066.1856946912117
672,238437.27024036006,1077.1695649881942
673,239338.70616553063,1087.4826285278007
674,240232.5911249771,1097.1183251400307
675,241117.58894967326,1106.0705206527539
676,241992.3853814407,1114.3335104866674
677,242855.69136290732,1121.9020230170254
678,243706.2462652314,1128.7712226958472
679,244542.82104551038,1134.936712929089
680,245364.22132596836,1140.3945387039544
681,246169.2903872084,1145.1411889621218
682,246956.9120680301,1149.1735987152274
683,247726.01356454403,1152.489150899423
684,248475.56812156455,1155.085677966295
685,249204.5976095304,1156.961463207839
686,249912.1749804868,1158.1152418135903
687,250597.42659696346,1158.5462016583672
688,251259.5344278993,1158.2539838194452
689,251897.7381060955,1157.2386828223177
690,252511.3368420228,1155.5008466145264
691,253099.69118916802,1153.0414762673754
692,253662.22465647274,1149.8620254056584
693,254198.42516380013,1145.964399365854
694,254707.84633675567,1141.3509540835678
695,255190.108637589,1136.0244947113426
696,255644.9003293128,1129.9882739682862
697,256071.97827059057,1123.2459902233409
698,256471.16853936744,1115.8017853143967
699,256842.36688364603,1107.6602421058426
700,257185.53899824052,1098.8263817876034
701,257500.72062677704,1089.3056609191772
702,257788.01748864463,1079.1039682227138
703,258047.60503103863,1068.227621129766
704,258279.72800667572,1056.683362086999
705,258484.69987819486,1044.4783546269018
706,258662.90205069268,1031.620179210411
707,258814.7829342706,1018.1168288493603
708,258940.85683889734,1003.9767045178628
709,259041.70270430905,989.208610363124
710,259117.96266808274,973.8217487278777
711,259170.34047542367,957.8257149986513
712,259199.5997346037,941.2304922965362
713,259206.5620223741,924.0464460301649
714,259192.10484405266,906.2843183343311
715,259157.1594533487,887.9552224223506
716,259102.70853734153,869.0706368861094
717,259029.7837723663,849.6423999851525
718,258939.46325688457,829.6827039756125
719,258832.86882772672,809.204089541929
720,258711.1632663851,788.2194404100588
721,258575.5474023141,766.7419782414936
722,258427.25712045215,744.785257934583
723,258267.5602804209,722.3631634958903
724,258097.7535550808,699.4899046930348
725,257919.1591963241,676.1800147667167
726,257733.12173617107,652.448349570678
727,257541.00463139833,628.3100886350244
728,257344.18686007135,603.7807388267918
729,257144.05947847533,578.8761415365717
730,256942.02214703974,553.6124846895837
731,256739.47963393125,528.0063214241127
732,256537.83830504774,502.074598096725
733,256338.50260918197,475.83469552176564
734,256142.8715671377,449.3044893012347
735,255952.33527357364,422.50243821536424
736,255768.27142032018,395.44771475229055
737,255592.04184986316,368.1604004805386
738,255424.98914761466,340.6617840162823
739,255268.43328149687,312.9748265825614
740,255123.66829724816,285.12491162138963
741,254991.95907772402,257.1410970065068
742,254874.53817430642,229.05830282218812
743,254772.60271835842,200.92134951927991
744,254687.3114204614,172.79293555297633
745,254619.7816649555,144.7708027360975
746,254571.08670706744,117.02894100454839
747,254542.25297965514,89.93165348422907
748,254534.25751632612,64.41259502543893
749,254548.0254973982,43.474748694699976
750,254584.4279248648,36.29271188118902
751,254644.27943220682,49.318716892264845
752,254728.3362345569,72.34218530158326
753,254837.29422437356,98.55926054977209
754,254971.78721741907,125.94976732662153
755,255132.38535346117,153.8403913796337
756,255319.59365573325,181.94939538363218
757,255533.85075279148,210.13445680127666
758,255775.52776600287,238.311875405844
759,256044.92736548453,266.42589145317703
760,256342.28299689473,294.4354056286072
761,256667.7582810498,322.30762129749246
762,257021.4465879094,350.0147499271857
763,257403.3707860372,377.53219216853313
764,257813.4831682066,404.83748066489625
765,258251.66555337948,431.90963919432886
766,258717.72956484728,458.7287805638496
767,259211.41708388188,485.2758471351924
768,259732.4008778058,511.5324396111251
769,260280.28540095463,537.4807021313345
770,260854.60776657256,563.103244264825
771,261454.8388872544,588.3830877512371
772,262080.38478112462,613.3036301881153
773,262730.5880405309,637.8486205329355
774,263404.7294596207,662.0021429734892
775,264102.0298167735,685.7486068069395
776,264821.65180747124,709.0727406833331
777,265562.7021228146,731.9595900492781
778,266324.2336685261,754.3945169549769
779,267105.2479189289,776.3632016147866
780,267904.69740005245,797.8516452711099
781,268721.48829569056,818.8461740251875
782,269554.4831699303,839.3334433804753
783,270402.5037993756,859.3004433042292
784,271264.3341080159,878.7345036571762
785,272138.7231974289,897.6232998741385
786,273024.3884647705,915.954858803329
787,273920.01880077936,933.7175646309133
788,274824.27785982506,950.9001648319102
789,275735.8073938445,967.4917760996907
790,276653.23064185167,983.4818902150644
791,277575.15576656273,998.8603798227879
792,278500.1793295597,1013.6175040887655
793,279426.88979631796,1027.7439142155356
794,280353.87106234534,1041.2306587971254
795,281279.7059916249,1054.0691889971763
796,282202.9799585229,1066.251363536546
797,283122.28438430926,1077.769453478497
798,284036.2202594529,1088.6161468011526
799,284943.40164288355,1098.7845527482236
800,285842.459129471,1108.2682059501246
801,286732.04327704664,1117.0610703085465
802,287610.82798439334,1125.157542638371
803,288477.51381174853,1132.552456061525
804,289330.83123550826,1139.2410831479904
805,290169.5438289812,1145.2191387997457
806,290992.451361225,1150.482782873899
807,291798.3928061996,1155.0286225417299
808,292586.2492546947,1158.8537143807584
809,293354.9467217293,1161.9555661973357
810,294103.4588423812,1164.3321385776062
811,294830.8094492802,1165.9818461650157
812,295536.075025294,1166.9035586628513
813,296218.38702524523,1167.0966015605975
814,296876.9340608244,1166.560756583185
815,297510.9639432033,1165.2962618624758
816,298119.7855782074,1163.303811830614
817,298702.77070927504,1160.584556835129
818,299259.3555038064,1157.1401024759518
819,299789.0419789001,1152.9725086647686
820,300291.3992628717,1148.0842884074018
821,300766.06468936044,1142.4784063101874
822,301212.74472124653,1136.1582768115873
823,301631.2157020269,1129.1277621405673
824,302021.3244327276,1121.3911700035712
825,302382.9885728656,1112.953251002224
826,302716.196864414,1103.819195784242
827,303021.0091781647,1093.9946319303695
828,303297.5563823275,1083.4856205805495
829,303546.0400336485,1072.2986528029564
830,303766.7318917736,1060.4406457099738
831,303959.97325802635,1047.9189383257221
832,304126.1741402065,1034.7412872103234
833,304265.812245452,1020.915861846759
834,304379.43180363823,1006.4512397969465
835,304467.64222420927,991.356401634573
836,304531.11658975703,975.640725663282
837,304570.5899900698,959.313982430101
838,304586.8577007726,942.3863290455305
839,304580.7732110714,924.8683033236056
840,304553.24610549083,906.770817757551
841,304505.23980486166,888.1051533495302
842,304437.76917216694,868.8829533165953
843,304351.8979891956,849.116216699497
844,304248.7363102761,828.8172919068335
845,304129.4376996709,807.9988702344895
846,303995.19635950756,786.6739794100351
847,303847.2441553934,764.8559772244762
848,303686.84754712257,742.5585453305788
849,303515.30443212064,719.7956833094886
850,303333.9409094926,696.58170313771
851,303144.10797274107,672.9312242279493
852,302947.1781394014,648.8591692745106
853,302744.5420260006,624.3807612138797
854,302537.6048768849,599.5115217243607
855,302327.78305557964,574.2672718513168
856,302116.5005074397,548.6641355819514
857,301905.1852024244,522.7185475458163
858,301695.2655668802,496.447266549583
859,301488.1669132474,469.8673974755358
860,301285.3078766123,442.9964253674958
861,301088.0968670125,415.85226761923695
862,300897.9285463654,388.4533536537528
863,300716.1803388318,360.81874743057256
864,300544.2089833439,332.9683386683618
865,300383.3471369252,304.92314813888834
866,300234.90003730415,276.70583000000187
867,300100.1422331781,248.34153078174066
868,299980.3143903169,219.85943100432618
869,299876.62018150865,191.29568492680386
870,299790.2232681416,162.69947459692446
871,299722.2443809907,134.1467825013126
872,299673.75850753026,105.77617703025757
873,299645.7921928307,77.90066939169175
874,299639.32096081437,51.464224123943964
875,299655.26686234766,30.626347628200183
876,299694.496156331,30.68683872375226
877,299757.8171296162,51.578648492337926
878,299845.9780612386,78.04085823471924
879,299959.66533608746,105.94261233746377
880,300099.50171277125,134.34500820726805
881,300266.0447500455,162.9362360883446
882,300459.78539578046,191.57808588045106
883,300681.1467420359,220.19468040033735
884,300930.4829494006,248.73684575279202
885,301208.0783433291,277.16838975301033
886,301514.14668478,305.4600674767286
887,301848.83061702613,333.5866500026795
888,302212.2012900648,361.5253868544711
889,302604.25816361594,389.2551491299647
890,303024.92898924724,416.755928363563
891,303474.0699717194,444.00853196496166
892,303951.46610919636,470.9943924855205
893,304456.8317115182,497.6954454668842
894,304989.81109528965,524.0940500434085
895,305549.97945409385,550.1729369937237
896,306136.8439017048,575.915174871732
897,306749.84468573687,601.3041483130004
898,307388.3565687444,626.3235446995172
899,308051.69037336606,650.9573466574923
900,308739.09468769445,675.1898286822482
901,309449.75772665447,699.005556715665
902,310182.8093447793,722.3893898532715
903,310937.3231953949,745.3264835950789
904,311712.3190308568,767.8022942166735
905,312506.7651381284,789.802583950146
906,313319.5809036507,811.313426744249
907,314149.6395011279,832.3212144302896
908,314995.77069554565,852.8126631616249
909,315856.76375644567,872.7748200249405
910,316731.3704732048,892.1950697439496
911,317618.3082648119,911.061141412954
912,318516.2633763947,929.3611152104174
913,319423.89415453334,947.0834290523923
914,320339.8343931948,964.2168851531093
915,321262.69674194645,980.7506564658403
916,322191.0761679475,996.6742929816883
917,323123.5534630811,1011.9777278675608
918,324058.698787474,1026.6512834274422
919,324995.0752405587,1040.6856768733942
920,325931.24245075946,1054.0720258945892
921,326865.7601748377,1066.8018540142098
922,327797.1918979023,1078.867095725327
923,328724.10842508933,1090.260101397931
924,329645.0914559316,1100.973641950176
925,330558.7371324806,1111.0009132776815
926,331463.6595523065,1120.3355404353767
927,332358.4942375866,1128.971581566964
928,333241.9015516,1136.9035315775711
929,334112.57005407603,1144.126325545625
930,334969.2197869937,1150.6353418703845
931,335810.60548260115,1156.4264051519347
932,336635.51968561625,1161.4957888007941
933,337442.79578178166,1165.840217374601
934,338231.31092517945,1169.4568686396383
935,338999.9888569617,1172.3433753552417
936,339747.80260842206,1174.4978267794008
937,340473.7770816208,1175.9187698941196
938,341176.99150108075,1176.6052103493503
939,341856.5817303896,1176.5566131245512
940,342511.74244788336,1175.7729029071604
941,343141.7291759326,1174.2544641874983
942,343745.86015872046,1172.0021410698434
943,344323.518083777,1169.0172367996456
944,344874.15164292365,1165.301513007066
945,345397.276928683,1160.8571886672487
946,345892.47866261646,1155.6869387779557
947,346359.41125247517,1149.7938927554108
948,346797.79967547284,1143.181632549428
949,347207.44018542516,1135.8541904791232
950,347588.20084193925,1127.8160467907348
951,347940.021860281,1119.0721269393207
952,348262.9157809956,1109.627798596332
953,348556.96745880676,1099.4888683853246
954,348822.3338707722,1088.661578348322
955,349059.2437441241,1077.152602145626
956,349267.9970046736,1064.9690409921582
957,349448.9640471086,1052.1184193337358
958,349602.58482895704,1038.6086802670225
959,349729.36779043195,1024.448180707277
960,349829.8886028082,1009.6456863084347
961,349904.7887484104,994.210366140535
962,349954.77393571456,978.1517871300516
963,349980.61235347646,961.4799082693065
964,349983.13276820653,944.2050746018917
965,349963.22246970003,926.3380109919061
966,349921.8250697158,907.8898156858788
967,349859.9381592622,888.8719536775562
968,349778.61083030613,869.2962498873402
969,349678.9410680608,849.1748821701931
970,349562.0730203315,828.5203741683762
971,349429.19415071036,807.3455880286747
972,349281.5322827015,785.663717008
973,349120.3525421327,763.4882779968174
974,348946.9542054665,740.8331039971815
975,348762.6674618606,717.7123366019956
976,348568.8500970459,694.1404185353732
977,348366.88410728663,670.1320863321699
978,348158.172251866,645.7023632599174
979,347944.1345526953,620.8665526217366
980,347726.20474977983,595.6402316291046
981,347505.82672138774,570.0392461060119
982,347284.45087785815,544.0797063927425
983,347063.53053805383,517.7779849769231
984,346844.5182975094,491.15071662229286
985,346628.86239734944,464.2148021433146
986,346418.0031030515,436.9874175749967
987,346213.36910210724,409.4860314695344
988,346016.3739295897,381.7284347030777
989,345828.4124305685,353.7327900453549
990,345650.8572682241,325.5177139179194
991,345485.0554864016,297.1024124978133
992,345332.32513521035,268.50691355425647
993,345193.95196812105,239.75247568057404
994,345071.186218835,210.8623469829766
995,344965.23946600466,181.8632660760282
996,344877.2815936655,152.78869748209533
997,344808.4378550036,123.68665736093129
998,344759.7860468275,94.64195514094003
999,344732.3538018372,65.8567034295804
1000,344727.11600549135,38.08801339827738
1001,344744.9923439652,17.488131965078832
1002,344786.8449893646,30.101988548061097
1003,344853.47642802104,57.01605985589884
1004,344945.627437337,85.64361059919001
1005,345063.97521628055,114.66761090880433
1006,345209.1316742457,143.80036153911047
1007,345381.6418826019,172.9346635388658
1008,345581.98269284866,202.01458916468852
1009,345810.56152487785,231.00326855940048
1010,346067.71532842115,259.87226242202104
1011,346353.7097203287,288.597358806247
1012,346668.73829988606,317.156685065281
1013,347012.9221439326,345.52977641963133
1014,347386.3094830955,373.69708276655723
1015,347788.8755600006,401.6396931623085
1016,348220.5226698687,429.3391757019944
1017,348681.0803834482,456.77748194742685
1018,349170.3059517802,483.9368891156111
1019,349687.88489183766,510.7999652101935
1020,350233.4317516284,537.34954854905
